100
5 1
3 1 4 1 5 9
2 7 1 8 2 9
4 8 15 16 23 42
124695 1
142851307 522335923 363324695 579820975 280516395 718754579
999999999 999999999 0 0 999999999 1000000000
483091213 201035788 344144116 453342865 67806624 485137134
266990 1
0 0 0 0 0 1000000000
999999999 999999999 0 0 999999999 1000000000
542733711 591459688 515203640 614822450 561004334 616874147
335796 1
870223387 618852640 798237381 738649699 216797684 936877967
266130132 280782343 97974867 7829974 56137513 326208789
1631275 25834724 358607491 26674687 391840386 613625712
400000 1
470587492 840330662 528301026 875874662 608102220 969016011
470587492 840330662 528301026 875874662 608102220 969016011
377004 86168 18809 378293 331999 400000
400000 1
0 0 0 0 0 1000000000
249352189 52043279 576682088 318108191 698690207 912168683
678309173 659371296 700473201 726087847 376528706 972624266
400000 1
17296475 44013602 49949596 5882862 49319628 53251773
17296475 44013602 49949596 5882862 49319628 53251773
247546 333946 313642 283734 56089 400000
400000 1
104074701 145867102 114484296 203053454 54717093 223272005
104074701 145867102 114484296 203053454 54717093 223272005
42802 122109 77662 164103 134763 400000
124695 1
0 0 0 0 0 1000000000
999999999 999999999 0 0 999999999 1000000000
728319296 98353466 100163697 145775733 170508218 826344514
266990 1
49588169 79559325 36237633 323468567 57325336 549504701
271754981 159971606 278199116 229971096 224157901 298753504
318596359 421356812 113666058 179088153 746358445 769745258
400000 1
348965786 48818585 325313522 73299806 229548977 790824569
348965786 48818585 325313522 73299806 229548977 790824569
342688 372655 164654 284282 291530 400000
223556 1
176451307 169421470 280224008 217653437 132656217 383414765
999999999 999999999 0 0 999999999 1000000000
1113736 1514066 8112129 23812693 3215297 30755461
1 1
0 0 0 0 0 1
0 0 0 0 0 1
999999999 999999999 0 0 999999999 1000000000
400000 1
47158260 211730002 52088934 255905433 148681136 274617373
999999999 999999999 0 0 999999999 1000000000
555429329 649814992 484876059 243568718 416596484 659226637
293033 1
741476346 137307729 129319217 57374535 664638604 829148465
207440986 311141483 251215978 282408421 69241873 381534884
341247479 323490352 92490951 294247625 116330029 476722710
400000 1
458057629 293205631 389209225 293502746 158573728 505806245
999999999 999999999 0 0 999999999 1000000000
215984251 221180740 115334989 384696609 272835823 410775442
266990 1
0 0 0 0 0 1000000000
641472906 731909098 742474393 318247704 344684801 774488519
3210276 9477493 265832914 280944505 330564270 528433193
400000 1
55097471 112925019 45268763 94089757 186498971 312679193
176890223 379787072 44084930 600303488 159746765 682798514
166296301 191525858 11951179 53854843 201989400 242198261
293033 1
0 0 0 0 0 1000000000
76812051 29452331 155325523 46359530 39550548 276991992
872826 33328707 48767168 93698891 78935818 110555242
400000 1
2542740 5477661 5943083 1315750 19457377 29363342
2542740 5477661 5943083 1315750 19457377 29363342
314705 391717 161043 108583 399889 400000
400000 1
34265678 87911188 56058146 67009342 100044389 128232807
34265678 87911188 56058146 67009342 100044389 128232807
241603 247748 356572 105371 184419 400000
400000 1
285612992 54643424 254736349 430095230 254320232 492904131
285612992 54643424 254736349 430095230 254320232 492904131
375342 1386 128082 96025 282633 400000
400000 1
0 0 0 0 0 1000000000
562834700 80020616 311603045 496593029 184166796 661029791
55156244 287730924 189334045 247785775 30242560 575177949
400000 1
457951963 40494605 422204969 483186763 352556038 483457450
999999999 999999999 0 0 999999999 1000000000
274884390 570573648 66532295 396528595 40290363 631475047
258700 1
446802779 716193214 304392781 566458677 317500366 860351673
10522562 2960062 14420809 150511 925003 15602785
61550063 573924044 597366165 613369019 208368993 726301064
400000 1
318725128 213095610 440481037 129711659 283574940 447094923
318725128 213095610 440481037 129711659 283574940 447094923
72617 183517 319416 226816 295978 400000
352216 1
75887148 241338066 38378876 16356200 14601193 273003447
75887148 241338066 38378876 16356200 14601193 273003447
139699 285762 140442 42896 172836 352216
400000 1
21014162 15071379 2145431 20823617 7808637 23916543
21014162 15071379 2145431 20823617 7808637 23916543
47464 37597 362252 54000 90985 400000
400000 1
112541615 42132962 106731905 98093894 86965195 151513153
112541615 42132962 106731905 98093894 86965195 151513153
296072 242389 399382 284237 204201 400000
400000 1
346517989 524599036 658962975 630695883 3320976 761339562
346517989 524599036 658962975 630695883 3320976 761339562
279506 163012 114142 114533 106437 400000
293033 1
726515798 717325155 355362134 167295839 319482689 854342984
999999999 999999999 0 0 999999999 1000000000
152046368 67468479 187512448 100993256 131505070 215122271
400000 1
202731459 224291793 158217551 289734433 272584042 309060938
202731459 224291793 158217551 289734433 272584042 309060938
160500 92085 45961 341006 89617 400000
400000 1
0 0 0 0 0 1000000000
999999999 999999999 0 0 999999999 1000000000
111147313 155761517 357695278 451895057 222027652 550158145
400000 1
314496890 562081329 338364768 298630497 748231703 774778945
184491606 244679471 164822869 109648090 274016849 418453625
4557840 222536266 168677946 53222849 192909321 274223627
90694 1
231471475 259120655 394361985 30980353 358808705 749311810
81384974 225556332 20583257 72566602 7297603 234002192
1086117 96911647 81263388 386876455 653465754 777706244
352216 1
0 0 0 0 0 1000000000
281399916 279282851 62897999 28598719 162069003 338226905
556978291 59327902 35458619 62151511 167814464 598033754
266990 1
17442364 190637656 187708495 145949874 120565930 296584231
17442364 190637656 187708495 145949874 120565930 296584231
164446 90829 206367 90959 266438 266990
124695 1
80655369 341011152 244694076 454845771 206028860 538858690
80655369 341011152 244694076 454845771 206028860 538858690
76295 16900 105266 31770 52078 124695
266990 1
114384722 361850669 220053925 388167149 626911973 926421880
999999999 999999999 0 0 999999999 1000000000
114701100 145691044 122483498 94077641 206124131 431928256
400000 1
0 0 0 0 0 1000000000
999999999 999999999 0 0 999999999 1000000000
65774255 86927909 32004213 39838281 28033277 136607811
400000 1
208860587 131044101 233631430 21414041 446888595 531462314
208860587 131044101 233631430 21414041 446888595 531462314
323275 285081 298671 191322 306863 400000
400000 1
750556798 23017134 413837747 153067257 838494479 925939382
123582551 119448630 135401644 52500112 45105310 159468607
33198773 154841603 101295373 108502809 95858366 158831565
172232 1
60110414 96224700 174138106 4717036 119164666 195972581
538197977 43687875 516346905 514204096 215985379 564817703
24296234 20020627 19414965 18650742 20920294 27762061
400000 1
0 0 0 0 0 1000000000
999999999 999999999 0 0 999999999 1000000000
510468292 6674852 435424202 133804458 382388974 520146602
293033 1
137613197 47570191 744974277 81046280 189837437 867103673
137613197 47570191 744974277 81046280 189837437 867103673
189864 49788 18787 71768 231735 293033
400000 1
383699830 374712366 537782440 332298185 293260075 543750568
383699830 374712366 537782440 332298185 293260075 543750568
10515 130968 45801 165259 54594 400000
124695 1
0 0 0 0 0 1000000000
256188092 55162721 423183493 70237466 172173154 729172099
1237808 5307753 19121474 18838127 32706899 40623183
106633 1
892730285 124673047 557327323 569705771 563434325 972901961
18956067 14250028 16363434 2388100 11654192 29850885
204550039 541038342 962091240 921200634 284061080 964567764
400000 1
128023767 64565864 56825241 74029782 128090592 159033357
999999999 999999999 0 0 999999999 1000000000
110184918 57774681 77431908 334151644 283914902 431244908
400000 1
712976780 598803061 561696335 64011366 567015388 793067174
7085196 48921496 63620604 15067975 65301290 75340378
350845339 270451407 32308793 271342351 162632040 366437924
400000 1
182834948 187424369 176784177 159908746 131984717 209034228
182834948 187424369 176784177 159908746 131984717 209034228
1887 224349 50058 111704 30532 400000
400000 1
62031908 113541046 50855230 143537009 92553729 274580266
62031908 113541046 50855230 143537009 92553729 274580266
213869 242754 276405 16576 145884 400000
185336 1
29704829 9964725 90707555 52761173 21242559 92187606
147971015 245689839 322582964 327637835 163119369 349003534
339648775 700896983 107838693 68474352 295921556 838476830
185336 1
0 0 0 0 0 1000000000
74846484 248144873 295944356 186337855 46822475 345497348
439930154 581626202 851667852 795196561 647443734 919847571
119547 1
194078493 34390402 21294590 69702584 146257208 221867994
197748819 87427849 398088896 358275735 57392695 405144615
45330034 289018589 298898221 538774703 487087703 683098048
400000 1
270430100 455471459 681104574 737969573 649548559 842418962
270430100 455471459 681104574 737969573 649548559 842418962
375363 284289 331598 145008 360017 400000
400000 1
0 0 0 0 0 1000000000
999999999 999999999 0 0 999999999 1000000000
137639708 253175578 365815524 302033649 215848386 676990665
400000 1
0 0 0 0 0 1000000000
261374086 207014274 482375039 415557807 534611200 635389686
232707489 223614039 243057202 136032741 292314262 432310280
400000 1
549626149 241349523 362236743 722794584 18381252 902917927
549626149 241349523 362236743 722794584 18381252 902917927
360386 73238 200165 302002 91005 400000
223556 1
0 0 0 0 0 1000000000
186443857 418286317 491826522 160224823 15120762 535171733
291810648 638378885 502409601 678571469 140251843 856033288
185336 1
633985869 10661614 666702346 403498594 785995780 851745285
999999999 999999999 0 0 999999999 1000000000
282179524 418306958 45637464 173726680 364198776 594935591
223556 1
0 0 0 0 0 1000000000
999999999 999999999 0 0 999999999 1000000000
544723403 55574451 173039033 633853028 177799907 764139843
156139 1
68017929 73202867 9463749 27047142 27326601 79787009
133437253 416381407 499108488 425193654 704181912 958180155
30007195 105639058 50739762 41069391 49784863 110647127
400000 1
565314253 403908053 53990558 55374750 880950816 942432716
565314253 403908053 53990558 55374750 880950816 942432716
201284 8306 110061 4062 297415 400000
400000 1
0 0 0 0 0 1000000000
999999999 999999999 0 0 999999999 1000000000
153836269 371683283 541906569 302830800 328888204 613255177
223556 1
549921276 283939049 448957186 601860217 429253894 770441999
303913750 16039048 166411264 430081285 619864018 907225592
899104154 679162432 474087334 758601710 779421635 905875155
400000 1
0 0 0 0 0 1
999999999 999999999 0 0 999999999 1000000000
0 0 0 0 0 1
400000 1
117965981 102388946 232534357 278451842 259253992 448605185
117965981 102388946 232534357 278451842 259253992 448605185
80688 350235 296045 322158 234415 400000
185336 1
22116434 5539138 17900330 15546802 6260170 25473432
22116434 5539138 17900330 15546802 6260170 25473432
129329 142879 14304 117919 98549 185336
400000 1
357526512 116131617 456464662 302443350 210174544 522206304
999999999 999999999 0 0 999999999 1000000000
113434184 178792287 38306437 243384053 333429196 374023281
400000 1
37839677 548628979 740839209 125098779 141320543 748701736
37839677 548628979 740839209 125098779 141320543 748701736
288885 59967 291143 80427 194009 400000
390039 1
242686352 367559027 65621265 197200449 326930494 371743139
207306006 549799010 195861512 483746920 493631657 638140332
10617385 12921548 7411612 22950534 12261363 30433107
400000 1
117297584 388928005 265536025 320350471 92518374 439892461
117297584 388928005 265536025 320350471 92518374 439892461
394024 85530 92415 351687 296212 400000
293033 1
0 0 0 0 0 1000000000
999999999 999999999 0 0 999999999 1000000000
44787141 218969766 561237753 481299815 257758073 821226693
400000 1
105771955 420864528 80794331 350736923 276042808 637368922
105771955 420864528 80794331 350736923 276042808 637368922
307162 273531 223105 300497 247319 400000
352216 1
554467440 132844613 332182157 66815584 63513864 608278645
376775218 93887069 166516967 145186630 35698052 422348874
8029424 636468280 297819406 443892960 703859070 946737258
400000 1
411466753 797791663 295544403 685480905 851908952 958724119
21417637 4786584 5798496 1738028 12849562 25856763
27973647 428525916 158271968 353913987 61910359 438547228
400000 1
0 0 0 0 0 1000000000
999999999 999999999 0 0 999999999 1000000000
298047377 192725564 83196062 237358966 501330966 565148802
400000 1
0 0 0 0 0 1000000000
555651778 231902975 402833778 374391842 19162696 841028805
528365592 894089922 68223949 356678945 777582230 906410608
352216 1
707349907 286945863 57400067 863986361 373532478 968195222
999999999 999999999 0 0 999999999 1000000000
61719855 14962329 14060693 11209256 100471563 179222341
195111 1
227904476 268241805 344733703 102326789 180329567 581032622
589725006 283541651 581635483 305126964 130262213 634969409
232272952 413407634 469269466 276752261 352355305 499415011
185336 1
0 0 0 0 0 1000000000
999999999 999999999 0 0 999999999 1000000000
246413312 250928096 11431587 226940413 42268405 276115619
400000 1
125919040 129234523 210389769 70774646 261016 226287692
125919040 129234523 210389769 70774646 261016 226287692
387614 111670 144346 57561 170930 400000
400000 1
74832398 73344049 15914172 14081696 87252890 102844981
74832398 73344049 15914172 14081696 87252890 102844981
314438 100935 389656 370024 216493 400000
400000 1
176578229 169519080 148007347 217886427 260211839 337061012
176578229 169519080 148007347 217886427 260211839 337061012
0 0 0 0 0 1
400000 1
0 0 0 0 0 1000000000
210558908 225055806 589103737 148471776 556288308 697087955
448404193 158769606 247082911 341577375 431089831 674722298
352216 1
0 0 0 0 0 1000000000
999999999 999999999 0 0 999999999 1000000000
205820665 753639587 742480691 336209432 370728303 923743842
223556 1
647507903 648871494 610676718 761695531 451819489 803174334
647507903 648871494 610676718 761695531 451819489 803174334
206515 106546 17823 197375 90580 223556
400000 1
550260636 24502030 180023108 238557246 78668097 735718680
435428327 203524855 351562359 108256091 545934845 669480796
123525831 2468062 82646693 42682273 21498631 138799281
369114 1
25621962 5784447 39862057 23904302 10140411 50623210
290434474 132065607 282909437 82851232 122931444 293035991
233231400 110046536 163127527 649597961 807966614 857250714
400000 1
542423088 361642800 48374885 68279361 88592409 619168366
999999999 999999999 0 0 999999999 1000000000
161597376 72293217 230794671 290142603 66341030 323631803
400000 1
339416987 110510681 192408557 365607726 271724637 455295600
339416987 110510681 192408557 365607726 271724637 455295600
92650 305676 64014 318084 30797 400000
400000 1
249621621 410271217 306050872 20052488 153522707 541655884
249621621 410271217 306050872 20052488 153522707 541655884
129781 290314 242629 71795 14084 400000
124695 1
439870899 664629506 335775879 439247721 443642145 815271344
730156969 353238197 457886302 706782699 401341748 830717762
131002558 43007331 154601305 101271996 518236022 676778686
1 1
0 0 0 0 0 1
0 0 0 0 0 1
0 0 0 0 0 1
400000 1
457690248 322834582 167682216 66589092 592973668 638318615
457690248 322834582 167682216 66589092 592973668 638318615
365388 256176 252139 346379 139764 400000
400000 1
0 0 0 0 0 1000000000
1023946 2360229 1286401 2219675 913111 4203493
461701559 389593531 506282662 203222663 211739181 506373025
400000 1
45232004 59878618 25608354 4471068 24978628 75084765
45232004 59878618 25608354 4471068 24978628 75084765
167672 389082 204889 251206 319693 400000
400000 1
449518380 419880623 62939979 459108104 375247753 713355931
449518380 419880623 62939979 459108104 375247753 713355931
326440 69099 113887 320449 204557 400000
400000 1
226795383 213551097 391624150 305175553 738317002 739478357
226795383 213551097 391624150 305175553 738317002 739478357
166991 104839 63933 170790 50391 400000
